0 2
1 6
2 10
3 2
4 5
5 4
6 11
7 4
8 5
9 2
10 12
11 2
12 1
13 2
14 2
15 3
16 2
17 3
18 1
19 1
20 14
21 20
22 2
23 4
24 6
25 23
26 17
27 5
28 12
29 23
30 2
31 2
32 3
33 1
34 4
35 4
36 1
37 2
38 2
39 5
40 1
41 1
42 3
43 4
44 4
45 1
46 12
47 3
48 16
49 2
50 2
51 3
52 75
53 50
54 3
55 3
56 2
57 45
58 2
59 4
60 4
61 10
62 5
63 1
64 2
65 14
66 2
67 1
68 1
69 6
70 1
71 4
72 1
73 3
74 2
75 2
76 2
77 2
78 6
79 36
80 2
81 4
82 3
83 4
84 16
85 4
86 6
87 2
88 1
89 2
90 8
91 4
92 12
93 4
94 16
95 3
96 2
97 3
98 3
99 8
100 2
101 1
102 1
103 3
104 5
105 9
106 8
107 15
108 1
109 6
110 1
111 2
112 3
113 3
114 86
115 5
116 2
117 12
118 11
119 5
120 28
121 19
122 2
123 2
124 7
125 6
126 5
127 4
128 2
129 6
130 7
131 13
132 20
133 1
134 1
135 6
136 8
137 4
138 2
139 9
140 2
141 6
142 5
143 13
144 3
145 1
146 4
147 28
148 6
149 25
150 6
151 14
152 2
153 3
154 37
155 21
156 2
157 1
158 6
159 2
160 13
161 14
162 8
163 7
164 3
165 2
166 2
167 6
168 5
169 12
170 2
171 1
172 18
173 1
174 4
175 1
176 4
177 5
178 14
179 6
180 3
181 1
182 6
183 15
184 2
185 12
186 2
187 5
188 49
189 3
190 3
191 1
192 2
193 6
194 4
195 6
196 3
197 1
198 1
199 16
200 5
201 2
202 5
203 3
204 4
205 2
206 1
207 12
208 2
209 6
210 12
211 6
212 2
213 12
214 5
215 4
216 4
217 8
218 1
219 15
220 1
221 4
222 6
223 3
224 12
225 6
226 4
227 4
228 2
229 2
230 31
231 2
232 2
233 1
234 6
235 1
236 3
237 4
238 3
239 2
240 10
241 22
242 20
243 12
244 6
245 4
246 3
247 1
248 3
249 3
250 2
251 2
252 1
253 2
254 12
255 1
256 1
257 5
258 3
259 4
260 14
261 6
262 2
263 5
264 2
265 1
266 3
267 1
268 1
269 7
270 2
271 9
272 4
273 58
274 9
275 20
276 1
277 16
278 4
279 2
280 3
281 3
282 1
283 2
284 6
285 2
286 2
287 7
288 3
289 1
290 6
291 8
292 6
293 6
294 2
295 38
296 28
297 26
298 12
299 7
300 2
301 6
302 2
303 2
304 4
305 15
306 10
307 4
308 4
309 1
310 2
311 2
312 8
313 3
314 2
315 4
316 3
317 6
318 1
319 3
320 5
321 2
322 24
323 6
324 16
325 6
326 6
327 72
328 16
329 192
330 4
331 5
332 3
333 4
334 3
335 5
336 1
337 3
338 12
339 10
340 15
341 9
342 29
343 29
344 15
345 10
346 1
347 3
348 6
349 2
350 2
351 8
352 3
353 3
354 2
355 38
356 2
357 5
358 14
359 14
360 1
361 1
362 7
363 2
364 4
365 1
366 6
367 4
368 9
369 1
370 1
371 1
372 4
373 3
374 3
375 3
376 16
377 24
378 15
379 12
380 9
381 2
382 4
383 10
384 3
385 1
386 18
387 1
388 4
389 1
390 2
391 3
392 7
393 20
394 2
395 4
396 3
397 5
398 7
399 4
400 1
401 6
402 7
403 1
404 1
405 2
406 2
407 2
408 3
409 4
410 4
411 9
412 2
413 9
414 10
415 4
416 3
417 12
418 4
419 40
420 14
421 3
422 13
423 16
424 4
425 5
426 4
427 4
428 8
429 16
430 7
431 4
432 6
433 1
434 1
435 21
436 1
437 3
438 6
439 8
440 1
441 9
442 16
443 1
444 20
445 1
446 10
447 1
448 2
449 5
450 36
451 1
452 2
453 7
454 2
455 2
456 2
457 1
458 10
459 6
460 1
461 5
462 4
463 2
464 1
465 1
466 3
467 2
468 1
469 3
470 2
471 3
472 3
473 1
474 3
475 4
476 2
477 4
478 24
479 11
480 3
481 4
482 1
483 10
484 2
485 4
486 2
487 27
488 12
489 3
490 6
491 7
492 7
493 2
494 6
495 4
496 11
497 8
498 3
499 10
500 6
501 2
502 2
503 7
504 17
505 7
506 10
507 16
508 39
509 3
510 38
511 2
512 5
513 7
514 1
515 16
516 3
517 9
518 1
519 4
520 2
521 2
522 2
523 1
524 1
525 1
526 12
527 5
528 17
529 21
530 2
531 2
532 5
533 24
534 3
535 1
536 6
537 7
538 3
539 6
540 9
541 3
542 26
543 11
544 8
545 4
546 14
547 6
548 7
549 3
550 6
551 3
552 3
553 2
554 4
555 13
556 2
557 27
558 2
559 10
560 5
561 1
562 7
563 55
564 2
565 14
566 2
567 13
568 15
569 1
570 2
571 9
572 5
573 6
574 18
575 6
576 30
577 2
578 1
579 2
580 4
581 6
582 9
583 10
584 2
585 2
586 7
587 39
588 11
589 3
590 12
591 4
592 2
593 5
594 2
595 38
596 5
597 3
598 1
599 4
600 2
601 3
602 2
603 18
604 6
605 1
606 12
607 5
608 5
609 2
610 6
611 3
612 4
613 11
614 4
615 2
616 8
617 1
618 3
619 3
620 17
621 4
622 2
623 4
624 4
625 18
626 6
627 2
628 2
629 2
630 18
631 4
632 3
633 9
634 35
635 6
636 6
637 2
638 1
639 28
640 4
641 6
642 6
643 8
644 4
645 33
646 2
647 2
648 4
649 10
650 19
651 6
652 8
653 1
654 2
655 5
656 8
657 8
658 7
659 15
660 2
661 4
662 5
663 5
664 7
665 2
666 3
667 12
668 3
669 4
670 7
671 5
672 1
673 12
674 20
675 6
676 10
677 7
678 2
679 1
680 4
681 1
682 3
683 20
684 65
685 2
686 7
687 2
688 3
689 12
690 5
691 1
692 8
693 1
694 6
695 36
696 4
697 15
698 2
699 1
700 1
701 72
702 6
703 11
704 6
705 3
706 9
707 22
708 6
709 10
710 12
711 2
712 5
713 3
714 2
715 2
716 4
717 15
718 3
719 1
720 6
721 3
722 3
723 1
724 4
725 3
726 1
727 1
728 8
729 1
730 2
731 2
732 3
733 4
734 3
735 1
736 9
737 3
738 10
739 2
740 4
741 2
742 4
743 4
744 2
745 4
746 16
747 5
748 2
749 1
750 2
751 12
752 1
753 6
754 4
755 3
756 2
757 2
758 1
759 2
760 4
761 10
762 8
763 1
764 7
765 4
766 4
767 2
768 14
769 4
770 2
771 7
772 2
773 1
774 5
775 4
776 4
777 2
778 3
779 27
780 4
781 2
782 2
783 1
784 6
785 9
786 2
787 14
788 3
789 1
790 2
791 4
792 21
793 8
794 7
795 9
796 1
797 1
798 9
799 1
800 2
801 8
802 18
803 2
804 1
805 2
806 2
807 14
808 35
809 4
810 12
811 3
812 10
813 1
814 4
815 4
816 25
817 1
818 4
819 6
820 4
821 3
822 14
823 4
824 2
825 4
826 5
827 1
828 12
829 6
830 2
831 2
832 1
833 2
834 1
835 6
836 11
837 4
838 10
839 9
840 6
841 2
842 21
843 19
844 1
845 1
846 4
847 4
848 2
849 15
850 3
851 1
852 26
853 1
854 1
855 6
856 4
857 5
858 22
859 10
860 14
861 7
862 2
863 4
864 2
865 3
866 3
867 6
868 4
869 27
870 4
871 3
872 13
873 1
874 3
875 7
876 1
877 2
878 1
879 4
880 10
881 1
882 1
883 1
884 11
885 6
886 5
887 2
888 6
889 17
890 2
891 14
892 10
893 4
894 4
895 4
896 2
897 6
898 2
899 23
900 63
901 6
902 4
903 5
904 1
905 5
906 3
907 18
908 3
909 1
910 6
911 5
912 4
913 6
914 6
915 1
916 82
917 2
918 5
919 1
920 9
921 36
922 2
923 24
924 2
925 12
926 6
927 6
928 4
929 15
930 4
931 3
932 3
933 1
934 3
935 9
936 3
937 8
938 6
939 3
940 5
941 3
942 6
943 3
944 2
945 3
946 29
947 6
948 4
949 2
950 1
951 2
952 1
953 5
954 1
955 3
956 15
957 4
958 1
959 1
960 4
961 2
962 6
963 3
964 21
965 2
966 4
967 1
968 2
969 2
970 3
971 2
972 3
973 2
974 6
975 4
976 68
977 2
978 4
979 37
980 66
981 2
982 9
983 2
984 6
985 12
986 13
987 7
988 3
989 2
990 6
991 12
992 32
993 8
994 4
995 8
996 1
997 4
998 4
999 2
Test 4 Part 1: 7348 time spent 19.059042ms
